# Created by Octave 5.2.0, Sun Nov 08 01:26:36 2020 GMT <unknown@DESKTOP-5PHGLJV>
# name: X
# type: matrix
# rows: 100
# columns: 3
 1 34.623659624516968 78.0246928153624
 1 30.286710768226069 43.894997524001013
 1 35.847408769938717 72.902198027083642
 1 60.182599386209759 86.308552095468258
 1 79.032736050710099 75.344376436910295
 1 45.083277476683392 56.316371781530499
 1 61.10666453684766 96.511425884896241
 1 75.024745567388891 46.554013541165382
 1 76.098786702262572 87.42056971926803
 1 84.432819961200352 43.533393310721088
 1 95.861555070935722 38.225278057950938
 1 75.013658389582474 30.60326323428011
 1 82.307053373994819 76.481963302356036
 1 69.364588759709392 97.71869196188608
 1 39.538339143672232 76.036810851158819
 1 53.9710521485623 89.207350137502047
 1 69.070144062830252 52.740469730167653
 1 67.946855477116173 46.678574106731283
 1 70.661509554994353 92.927137893648307
 1 76.978783727474976 47.575963649755323
 1 67.372027545708761 42.838438320291793
 1 89.676775750720793 65.799365927452371
 1 50.534788289882997 48.855811527642047
 1 34.212060977867893 44.209528598662878
 1 77.924091454570402 68.972359993305901
 1 62.271013670046322 69.95445795447587
 1 80.1901807509566 44.821628932183529
 1 93.114388797442004 38.80067033713209
 1 61.830206023125953 50.256107892446209
 1 38.785803796794227 64.995680955395784
 1 61.379289447425002 72.807887313170966
 1 85.404519394116448 57.051983976271217
 1 52.107979731939842 63.127623768817152
 1 52.045404768318271 69.432860120452219
 1 40.236893735451112 71.167748021848752
 1 54.63510555424817 52.21388588061123
 1 33.915500109068873 98.869435742206107
 1 64.176988874944854 80.908060586708174
 1 74.789252959415421 41.573415228244343
 1 34.1836400264419 75.237720336013396
 1 83.902393662491548 56.30804621605327
 1 51.547720269061813 46.856290263499758
 1 94.443367769178522 65.568921605590518
 1 82.368753757139189 40.61825515970618
 1 51.047751771288652 45.822701457760012
 1 62.222675761201877 52.060991948366791
 1 77.193034926013638 70.458200001809587
 1 97.77159928000232 86.727822330028204
 1 62.073063796676472 96.768824124139826
 1 91.56497449807442 88.696292545465994
 1 79.944817940669324 74.163119350437583
 1 99.272526929257197 60.999030998449882
 1 90.546714113998519 43.390601806500271
 1 34.524513853200091 60.396342458371727
 1 50.286496118990698 49.804538813230593
 1 49.586677216320311 59.808950994532651
 1 97.645633960077674 68.861572724206042
 1 32.577200168093093 95.59854761387875
 1 74.248691367215983 69.824571226571933
 1 71.796462058633793 78.453562245150522
 1 75.395611465680304 85.75993667331619
 1 35.28611281526193 47.020513947234157
 1 56.253817497116238 39.261472510580191
 1 30.05882244669796 49.59297386723685
 1 44.668261724808929 66.450086145589125
 1 66.560894472429538 41.092098079369727
 1 40.457550983751638 97.535185489099362
 1 49.072563219088437 51.88321182073966
 1 80.279574014669976 92.116060813440839
 1 66.74671856944039 60.991394027409882
 1 32.722833040603227 43.307173064300628
 1 64.039320415060104 78.031688020182315
 1 72.346494225799233 96.227592967614044
 1 60.457885739189592 73.094998097580373
 1 58.840956217268022 75.858448312790415
 1 99.827857796921279 72.369251933838854
 1 47.264269108481741 88.475864995597817
 1 50.458159802859882 75.809859529824564
 1 60.455556292715322 42.508409435722172
 1 82.22666157785568 42.719878537164583
 1 88.913896416653301 69.803788898354725
 1 94.83450672430196 45.694306802507541
 1 67.31925746917527 66.589353177479154
 1 57.238706315698622 59.51428198012956
 1 80.36675600171273 90.96014789746954
 1 68.468521785911122 85.594307104520141
 1 42.075454538473103 78.844786001480429
 1 75.477702005339054 90.424538997539642
 1 78.63542434898018 96.647427168856439
 1 52.34800398794107 60.769505256025923
 1 94.094331125167926 77.159105090738933
 1 90.448550970963637 87.508791764847018
 1 55.482161140695851 35.570703472288663
 1 74.492692418430408 84.845136849301355
 1 89.845806707209789 45.35828361091658
 1 83.48916274498238 48.380285797281751
 1 42.261700809981697 87.103850940254574
 1 99.315008805103943 68.775409472066173
 1 55.340017560037033 64.931938006948599
 1 74.775893000927667 89.529812895132764


# name: ans
# type: scalar
0.11


# name: cost
# type: scalar
0.20350159077158


